 10.4669
-15.0667
-79.7703
-11.7717
-32.5590
-79.3798
-56.0226
-78.5499
-81.2234
-47.4555
 -2.9754
-50.0912
-21.9960
-28.4161
-73.9734
-41.4009
-72.3812
-54.4560
-22.3653
-87.6735
-84.2997
-55.0213
 -9.2204
-61.0051
-76.1883
  5.2879
-39.8754
-30.5179
-37.2156
-76.3704
-83.5396
-28.0095
 -1.1451
-75.9864
-35.1566
-22.9379
-14.2796
 -4.1081
-68.7456
-57.1066
-34.3367
-57.5307
 12.8655
-51.3725
-75.0806
-48.6247
 10.4252
-29.6557
  3.0738
-24.8757
-60.7211
-61.7715
-47.3521
-36.3262
-48.6333
-54.4569
-23.4910
-16.7661
-65.8041
-66.3037
-39.0603
  1.0768
  5.3000
-53.1989
-37.0763
-62.1123
-60.1725
 -9.8583
 -7.8247
-39.7249
-54.8915
-31.5689
-39.6101
-57.7249
-13.7409
-29.6371
-31.6683
-13.2529
-27.5554
-45.2324
-52.9230
-42.4464
  5.6976
-21.5001
  7.8876
-54.0865
-54.3481
-52.8827
-52.6074
-32.9235
-33.1270
 -5.3871
  9.7770
  4.7224
-43.6099
  5.3450
-12.6225
-40.8758
-37.2345
-28.3861
-34.4560
-39.9126
-34.8955
-21.2098
-36.7808
 15.9075
-19.5947
-35.1847
-13.0348
 19.7769
-34.7688
 -8.6989
-32.6088
-32.8502
-13.4366
-32.7844
 -5.7856
-29.4090
-31.0873
 14.2597
-31.4781
-26.1415
  7.6461
-29.6293
-26.0091
-27.4882
-10.2949
  3.0152
 12.7647
-10.6102
 10.9112
-21.8363
 18.0655
  3.0337
-15.0862
-17.5396
  9.1683
 14.3992
 -5.6558
-20.0214
-14.9903
  4.2716
 -8.3474
-25.5489
 22.5614
-21.5455
  6.3542
-14.2043
  9.1785
 11.0242
 19.3626
 21.1393
-23.7500
 19.0064
 25.4286
 23.8863
-13.6576
 19.8515
 28.0137
 13.8939
 22.0174
  3.1451
-24.0181
 18.0480
 29.1579
 29.6365
 28.1472
 11.0499
-11.3701
 -4.0751
 30.5113
  8.2142
 19.0864
 14.2432
 13.1479
 30.7967
 13.9875
 13.1825
 32.9131
-21.4099
 18.5892
 12.1147
 33.3568
 14.3480
 -3.2763
 22.3985
  8.9219
 25.7580
 24.3686
 -3.1060
 -2.7921
  3.6885
 -7.9728
 12.1519
 30.8539
 39.2801
 19.5518
 -1.2330
  4.9197
 35.8183
 21.4874
 35.9843
 39.9968
 42.4870
 41.8961
 18.5070
 42.9391
 44.8032
 -1.3858
 45.4682
 29.5203
 38.5885
 33.8921
 47.9368
 43.1857
 19.9872
 52.7186
 47.0232
 -1.6744
 -0.4297
 57.5587
 11.5849
 -0.4951
-23.6309
 54.4088
 49.0920
 51.7552
 61.0348
 -0.6736
 41.5208
  0.5851
 58.2016
 63.0939
 52.7750
 54.4357
 42.6312
 63.6226
 33.0532
  5.6804
 65.0378
 54.9184
 -0.1047
 -0.4794
 48.6365
 67.3949
 58.1468
 66.1981
 23.3343
 23.7767
 39.6149
-15.8246
 55.8157
 57.4240
 47.9254
 45.6387
 73.3318
 71.4720
 70.6777
 76.0766
 56.5147
 59.4210
 78.4086
 55.6628
 53.8878
 80.3575
 82.0516
 82.7247
 83.3038
 37.1577
 83.4647
 81.6536
 67.7256
 84.9574
 74.5039
 48.3457
 85.3616
  5.2016
 67.4268
 -8.9852
 80.4992
 59.9659
 37.0497
 58.7618
 80.0193
 64.1066
 66.3568
 57.0540
 51.0829
 86.3478
 38.5497
 18.8952
 19.7731
 34.0695
 73.6485
 83.2893
 63.0679
 40.6448
 68.2694
 19.9649
 83.6959
 54.8725
 29.0339
 82.6158
 19.3657
  9.5202
 14.9323
  6.4137
 -7.4659
 56.2745
 43.7012
 68.7648
 -4.5678
 23.1359
 34.6867
 69.7954
 -0.0046
 41.8787
 -0.7367
 53.6439
  0.1098
 70.4414
 38.5973
  0.2352
 68.1625
 68.1923
 17.2644
 64.8912
 54.9679
 64.4109
 19.3043
 56.5722
 59.7948
 18.7071
 63.6879
 56.4955
 20.4683
 60.3357
 36.4720
 54.5846
 -3.5423
 29.4912
 48.0071
 40.1372
 -1.2715
  6.8238
 27.5738
 45.3621
 24.9185
 42.5052
 57.0125
 33.7526
  4.7434
 32.9821
 45.4076
 -9.3734
 47.1919
 24.1551
 34.9803
 -1.7366
 17.2263
 43.9531
 -8.5665
  2.5823
-11.1702
 -0.6592
 -0.1311
 35.2457
  0.3935
 16.2892
 42.3315
  0.1209
  0.3645
 42.3744
  8.1282
 -0.0169
 41.3641
 -3.9471
 38.8423
 36.2481
 -2.6994
 -0.5257
  0.1805
 28.1016
 24.3155
 24.4510
 33.5302
 18.0037
 11.2428
 25.4333
 31.7381
 31.7981
  2.4155
 23.3007
 -0.0434
 -0.1030
 30.7233
 17.6499
 25.4104
 29.6828
  0.2292
 29.0717
 -0.2513
 -8.4297
 -0.2105
 29.2102
 18.2457
 21.2947
 -1.9770
 21.3893
 -9.9597
 -0.4536
 -1.2986
 -6.2102
  3.8038
 -5.7332
  0.4856
 24.9683
  0.1359
 21.8147
  0.0090
 -0.6034
 14.9256
 15.9779
 14.6810
 25.0311
 19.9545
 -0.3883
  0.0938
 20.5111
 -0.8779
-12.7476
 -0.1734
-14.3258
-22.2139
-13.9080
 -0.4618
 19.7241
 -4.2841
-27.0078
 -6.3767
  2.7329
-26.8205
 -0.3528
 17.6709
-23.1709
  7.1171
 16.4523
  1.1823
 19.4675
-32.6035
  6.8597
-25.0155
  1.1583
-22.9860
  1.6905
  0.1192
  2.1966
-24.4199
  1.3961
-11.5589
  1.0130
-35.5269
-28.7678
-34.1965
-10.8719
-40.3991
-38.2030
-13.3079
-10.6416
-21.2453
-10.5605
-39.6639
-45.0824
-48.3393
-46.5576
-44.9581
-36.5396
-45.9717
-52.2493
-52.5604
-10.4386
-29.6445
-22.9304
-52.3531
-44.5989
  2.9587
-25.6562
-56.1656
-33.3855
-55.8817
-13.2618
-18.5935
-63.3325
-38.1786
-64.1930
-21.0714
-40.9888
-24.0173
-41.8992
-24.7875
 -2.1274
-17.8119
-67.5754
-19.9633
-63.2596
-22.1615
-62.2762
-44.3418
-62.4748
 17.8256
-70.9660
 -9.9060
-52.3854
-78.0621
