119.6817
115.2710
 50.3064
116.1101
114.4998
 82.1900
110.0186
 96.2971
 94.2449
117.1433
120.9865
117.7784
120.6773
121.1287
116.3638
121.0094
122.3210
302.9429
123.4388
142.5192
287.4468
126.7611
124.7408
131.7139
287.9168
124.7062
129.1254
128.2218
129.7984
151.8025
213.6625
130.2392
127.6968
167.9289
134.6815
132.4261
130.7561
129.0155
159.0685
290.5130
137.2151
152.3657
126.9139
148.2712
205.7447
148.7079
128.3531
140.7803
130.7309
140.2256
278.2990
276.0354
152.6078
146.4801
156.1686
162.1718
142.6238
140.1463
241.1977
229.4572
156.7638
135.6449
133.8778
278.3842
159.4436
209.7096
214.6409
145.0038
144.5497
169.2289
263.5781
162.5069
172.0988
219.6051
150.1785
162.8561
165.0775
150.5954
162.1059
183.9149
204.9091
180.7444
139.9729
160.4610
138.6540
244.7175
240.1738
252.7431
218.8917
173.5366
195.3327
159.6770
144.3963
149.7308
240.7057
150.4514
170.5183
266.9159
216.9225
197.2482
215.0309
248.8108
223.7535
196.1172
262.4090
143.8065
195.4068
274.3187
187.7041
138.6299
271.5681
183.6034
240.4888
278.8433
194.5459
255.0058
184.5515
238.2395
250.0863
153.9472
263.5182
237.5539
173.1970
281.0595
246.8041
255.7004
207.5555
183.4875
165.5251
210.6461
171.8265
240.4202
157.4226
189.0481
224.9133
233.7849
179.9088
169.7774
209.9790
243.4235
232.6880
195.1354
223.0344
277.5321
155.0100
260.9577
198.9922
241.5161
194.0331
190.2609
171.1987
165.6925
276.7974
179.4923
157.4046
166.6879
254.9564
185.0206
143.9862
203.6684
185.8566
227.7553
289.0859
201.8419
163.0042
140.1619
128.2369
221.4749
261.3524
248.4745
164.2368
230.7855
211.3555
224.6088
227.3503
138.8950
227.0018
229.0186
166.2721
288.2192
220.6659
234.7682
178.1762
231.8479
260.3176
221.2406
243.9959
215.8721
220.7272
263.3324
263.5503
256.8822
273.1218
247.7671
215.4624
170.5983
238.6357
266.4913
259.1471
206.8501
238.6848
215.0204
204.4188
191.0356
198.5483
249.6324
196.6618
175.6557
275.0193
167.6280
126.2915
235.3346
246.1544
158.6021
145.6655
266.7881
165.5416
236.5319
284.3484
284.1238
198.9808
276.6036
285.0692
300.2201
161.4957
147.7916
151.8011
211.6437
287.6167
134.6680
287.4499
160.2213
216.9526
251.5195
149.6003
264.0047
175.8380
273.1324
287.4672
179.8325
253.3309
290.9810
291.2669
265.1089
225.6335
149.2467
167.8389
283.5680
284.1350
276.7416
298.5811
141.8617
264.1864
133.5522
131.9137
212.9614
164.9410
159.0912
221.1903
136.9117
273.8105
199.4855
133.4449
282.8704
234.1482
188.9740
186.2463
201.5931
124.4736
233.9297
255.0583
132.8615
232.0721
283.7442
295.5562
190.3504
300.6048
295.2321
302.0620
132.9794
124.6831
301.5781
123.7598
124.9233
122.3333
304.3358
305.1084
304.8851
348.9527
306.6514
305.3839
306.0939
307.3625
111.2233
 85.5926
313.7593
309.2940
113.3331
307.5345
  2.0872
313.4657
308.7776
 55.1679
309.6364
308.3704
309.4160
308.1588
306.2694
321.3715
320.3975
347.4538
308.9832
317.5951
323.6268
  5.9668
311.8242
115.8043
312.3633
341.5629
313.3059
 33.5719
117.0069
313.5408
 63.3481
 29.4705
321.4683
 77.4408
 97.7818
 68.8623
325.1947
359.0662
  8.3209
325.6580
 60.2074
 87.5625
329.8322
 31.4618
343.7851
 11.3656
317.9355
340.4935
  2.3759
351.2712
320.2700
325.2615
340.7151
102.2755
338.7311
358.1301
 50.1956
352.1461
328.1803
116.6074
 95.3712
318.9553
 25.6157
347.8563
  1.2591
326.2624
342.5848
 21.9172
321.4452
332.1494
320.7743
331.6595
332.3656
109.0988
333.8875
352.0890
 80.4515
336.5175
337.2194
 61.0942
346.7489
338.2643
 63.3151
336.1164
 63.5949
 68.4350
343.1050
347.2631
349.7370
 39.5211
 32.1758
 34.1269
 77.0886
 23.7035
 13.8733
 44.0676
 76.8363
 79.5464
  2.3641
 43.9170
359.9423
  0.1486
100.5307
 34.9055
 57.7623
 83.5074
  5.9855
110.0568
  6.5270
352.4479
  8.6041
100.1060
 47.3450
 55.7639
  7.4301
 58.6761
358.6656
 17.5675
 16.8872
  8.7852
 28.9607
 12.1484
 24.7376
 88.8763
 25.0816
 76.9196
 26.2303
 25.2107
 58.4964
 61.5095
 62.0641
 97.4903
 78.5430
 34.6538
 36.1116
 85.9910
 40.1325
 17.7956
 43.2452
 18.2367
356.7997
 21.7044
 49.1162
 93.2951
 46.0502
351.1321
 48.2765
 68.7875
 10.8866
 65.8764
 98.0138
 23.9744
 79.0735
 96.1970
 70.6933
102.8552
350.3755
 82.3223
 28.7865
 74.9005
 34.2995
 76.5641
 75.2308
 78.2413
 36.9408
 79.6012
 62.3580
 80.1946
  9.6870
 35.3419
323.0837
 67.8002
352.6402
327.5757
 76.6777
 79.8172
 69.2536
 83.3916
 43.9281
 28.9523
358.2445
 31.1928
 40.6461
315.7831
 40.5645
 17.7430
 11.9876
 92.5923
 75.6524
 85.1612
340.3761
 65.2558
106.6511
 90.0845
 47.8756
 86.5870
337.4211
100.6919
 98.2600
 23.5852
 86.0968
  3.9408
100.3387
 89.0505
100.4199
 90.5519
102.8882
111.7358
106.0550
350.1989
105.5514
335.9256
105.5079
331.9806
 96.5464
 81.4900
119.8731
 65.5536
112.8854
 96.2151
 12.8578
